4 201 1 20 1.05054 0.09683 84.13 0.9772 44.92 0.0056990205 0.42 0.00000 0.00000 0.00000 0.00000
4 201 2 20 1.05164 0.09683 84.13 0.9842 53.00 0.0048301887 2.71 0.00000 0.00000 0.00000 0.00000
4 201 3 20 1.05227 0.09683 84.13 0.9717 48.45 0.0052837977 1.63 0.00000 0.00000 0.00000 0.00000
4 201 4 20 1.05175 0.09683 84.13 0.9863 54.13 0.0047293553 3.64 0.00000 0.00000 0.00000 0.00000
4 201 5 20 1.05214 0.09683 84.13 0.9863 53.71 0.0047663377 3.25 0.00000 0.00000 0.00000 0.00000
4 201 6 20 1.05208 0.09683 84.13 0.9812 44.89 0.0057028291 2.07 0.00000 0.00000 0.00000 0.00000
4 201 7 20 1.05096 0.09683 84.13 0.9737 49.99 0.0051210242 1.71 0.00000 0.00000 0.00000 0.00000
4 201 8 20 1.05110 0.09683 84.13 0.9540 57.20 0.0044755245 1.34 0.00000 0.00000 0.00000 0.00000
4 201 9 20 1.05158 0.09683 84.13 0.9866 54.65 0.0046843550 1.72 0.00000 0.00000 0.00000 0.00000
4 201 10 20 1.05189 0.09683 84.13 0.9832 48.36 0.0052936311 1.11 0.00000 0.00000 0.00000 0.00000
4 201 11 20 1.04943 0.09683 84.13 0.9501 60.04 0.0042638241 0.80 0.00000 0.00000 0.00000 0.00000
4 201 12 20 1.05200 0.09683 84.13 0.9763 49.84 0.0051364366 1.61 0.00000 0.00000 0.00000 0.00000
4 201 13 20 1.04998 0.09683 84.13 0.9651 60.90 0.0042036125 0.83 0.00000 0.00000 0.00000 0.00000
4 201 14 20 1.05114 0.09683 84.13 0.9796 52.50 0.0048761905 0.71 0.00000 0.00000 0.00000 0.00000
4 201 15 20 1.05100 0.09683 84.13 0.9779 51.70 0.0049516441 1.40 0.00000 0.00000 0.00000 0.00000
4 201 16 20 1.05220 0.09683 84.13 0.9834 47.28 0.0054145516 0.43 0.00000 0.00000 0.00000 0.00000
4 202 1 20 1.04879 0.09683 84.13 0.9818 49.84 0.0051364366 2.73 0.00000 0.00000 0.00000 0.00000
4 202 2 20 1.05137 0.09683 84.13 0.9832 51.17 0.0050029314 3.31 0.00000 0.00000 0.00000 0.00000
4 202 3 20 1.05116 0.09683 84.13 0.9770 52.57 0.0048696975 2.82 0.00000 0.00000 0.00000 0.00000
4 202 4 20 1.05164 0.09683 84.13 0.9810 53.10 0.0048210923 2.04 0.00000 0.00000 0.00000 0.00000
4 202 5 20 1.05154 0.09683 84.13 0.9879 51.24 0.0049960968 1.81 0.00000 0.00000 0.00000 0.00000
4 202 6 20 1.04920 0.09683 84.13 0.9859 44.65 0.0057334826 4.24 0.00000 0.00000 0.00000 0.00000
4 202 7 20 1.04943 0.09683 84.13 0.9501 60.04 0.0042638241 0.70 0.00000 0.00000 0.00000 0.00000
4 202 8 20 1.05081 0.09683 84.13 0.9780 47.71 0.0053657514 0.43 0.00000 0.00000 0.00000 0.00000
4 202 9 20 1.05081 0.09683 84.13 0.9616 49.78 0.0051426276 0.68 0.00000 0.00000 0.00000 0.00000
4 202 10 20 1.05058 0.09683 84.13 0.9776 52.69 0.0048586069 0.69 0.00000 0.00000 0.00000 0.00000
4 202 11 20 1.05168 0.09683 84.13 0.9732 49.65 0.0051560926 0.46 0.00000 0.00000 0.00000 0.00000
4 202 12 20 1.05071 0.09683 84.13 0.9767 50.75 0.0050443350 0.64 0.00000 0.00000 0.00000 0.00000
4 202 13 20 1.05002 0.09683 84.13 0.9728 51.45 0.0049757046 0.77 0.00000 0.00000 0.00000 0.00000
4 202 14 20 1.05125 0.09683 84.13 0.9634 49.01 0.0052234238 0.72 0.00000 0.00000 0.00000 0.00000
4 202 15 20 1.05206 0.09683 84.13 0.9774 49.71 0.0051498692 2.77 0.00000 0.00000 0.00000 0.00000
4 202 16 20 1.05162 0.09683 84.13 0.9704 46.38 0.0055196205 2.82 0.00000 0.00000 0.00000 0.00000
4 202 17 20 1.05154 0.09683 84.13 0.9685 48.56 0.0052718287 3.22 0.00000 0.00000 0.00000 0.00000
4 202 18 20 1.05052 0.09683 84.13 0.9597 53.01 0.0048292775 2.09 0.00000 0.00000 0.00000 0.00000
4 202 19 20 1.05164 0.09683 84.13 0.9816 49.52 0.0051696284 1.78 0.00000 0.00000 0.00000 0.00000
4 202 20 20 1.05154 0.09683 84.13 0.9754 49.14 0.0052096052 1.33 0.00000 0.00000 0.00000 0.00000
4 202 21 20 1.04977 0.09683 84.13 0.9764 50.21 0.0050985859 1.89 0.00000 0.00000 0.00000 0.00000
4 202 22 20 1.05121 0.09683 84.13 0.9643 50.73 0.0050463237 1.41 0.00000 0.00000 0.00000 0.00000
4 203 1 30 1.04960 0.09683 84.13 0.9505 48.88 0.0052373159 1.03 0.00000 0.00000 0.00000 0.00000
4 203 2 30 1.04960 0.09683 84.13 0.9646 51.48 0.0049728050 1.08 0.00000 0.00000 0.00000 0.00000
4 203 3 30 1.04808 0.09683 84.13 0.9626 56.17 0.0045575930 1.97 0.00000 0.00000 0.00000 0.00000
4 203 4 30 1.04899 0.09683 84.13 0.9548 55.98 0.0045730618 1.40 0.00000 0.00000 0.00000 0.00000
4 203 5 30 1.05229 0.09683 84.13 0.9834 52.53 0.0048734057 0.87 0.00000 0.00000 0.00000 0.00000
4 203 6 30 1.05208 0.09683 84.13 0.9800 57.00 0.0044912281 1.19 0.00000 0.00000 0.00000 0.00000
4 203 7 30 1.05108 0.09683 84.13 0.9475 48.56 0.0052718287 1.99 0.00000 0.00000 0.00000 0.00000
4 203 8 30 1.04947 0.09683 84.13 0.9687 52.53 0.0048734057 1.28 0.00000 0.00000 0.00000 0.00000
4 203 9 30 1.04964 0.09683 84.13 0.9633 49.59 0.0051623311 1.11 0.00000 0.00000 0.00000 0.00000
4 203 10 30 1.0053 0.09683 84.13 0.9534 49.18 0.0052053680 0.84 0.00000 0.00000 0.00000 0.00000
4 203 11 30 1.05208 0.09683 84.13 0.9762 44.77 0.0057181148 1.99 0.00000 0.00000 0.00000 0.00000
4 203 12 30 1.05064 0.09683 84.13 0.9667 47.50 0.0053894737 1.75 0.00000 0.00000 0.00000 0.00000
4 203 13 30 1.05062 0.09683 84.13 0.9773 49.73 0.0051477981 0.78 0.00000 0.00000 0.00000 0.00000
4 203 14 30 1.04906 0.09683 84.13 0.9700 54.00 0.0047407407 0.89 0.00000 0.00000 0.00000 0.00000
4 203 15 30 1.05020 0.09683 84.13 0.9712 51.77 0.0049449488 0.97 0.00000 0.00000 0.00000 0.00000
4 203 16 30 1.05093 0.09683 84.13 0.9600 49.33 0.0051895398 1.90 0.00000 0.00000 0.00000 0.00000
4 203 17 30 1.05098 0.09683 84.13 0.9531 49.05 0.0052191641 1.35 0.00000 0.00000 0.00000 0.00000
4 203 18 30 1.04870 0.09683 84.13 0.9622 55.49 0.0046134439 0.79 0.00000 0.00000 0.00000 0.00000
4 203 19 30 1.05050 0.09683 84.13 0.9715 47.88 0.0053467001 1.91 0.00000 0.00000 0.00000 0.00000
4 203 20 30 1.05004 0.09683 84.13 0.9419 49.49 0.0051727622 0.47 0.00000 0.00000 0.00000 0.00000
4 203 21 30 1.05210 0.09683 84.13 0.9645 50.33 0.0050864296 1.17 0.00000 0.00000 0.00000 0.00000
4 203 22 30 1.05000 0.09683 84.13 0.9775 48.09 0.0053233520 1.43 0.00000 0.00000 0.00000 0.00000
4 203 23 30 1.05058 0.09683 84.13 0.9841 46.01 0.0055640078 1.77 0.00000 0.00000 0.00000 0.00000
4 203 24 30 1.04854 0.09683 84.13 0.9706 49.20 0.0052032520 1.53 0.00000 0.00000 0.00000 0.00000
4 203 25 30 1.05104 0.09683 84.13 0.9732 46.06 0.0055579679 1.47 0.00000 0.00000 0.00000 0.00000
4 203 26 30 1.04937 0.09683 84.13 0.9777 47.60 0.0053781513 0.87 0.00000 0.00000 0.00000 0.00000
4 203 27 30 1.04987 0.09683 84.13 0.9829 49.76 0.0051446945 1.69 0.00000 0.00000 0.00000 0.00000
4 203 28 30 1.04822 0.09683 84.13 0.9853 53.01 0.0048292775 1.96 0.00000 0.00000 0.00000 0.00000
4 203 29 30 1.04899 0.09683 84.13 0.9698 50.06 0.0051138634 1.89 0.00000 0.00000 0.00000 0.00000
4 203 30 30 1.04958 0.09683 84.13 0.9561 46.30 0.0055291577 0.73 0.00000 0.00000 0.00000 0.00000
4 203 31 30 1.05187 0.09683 84.13 0.9565 42.93 0.0059631959 1.79 0.00000 0.00000 0.00000 0.00000
4 203 32 0 0.00000 0 0 0 0 0.0000000000 0 0.00000 0.00000 0.00000 0.00000
4 204 1 30 1.05210 0.09683 84.13 0.9661 47.30 0.0054122622 0.95 0.00000 0.00000 0.00000 0.00000
4 204 2 30 1.04935 0.09683 84.13 0.9653 52.26 0.0048985840 0.58 0.00000 0.00000 0.00000 0.00000
4 204 3 30 1.04791 0.09683 84.13 0.9626 51.95 0.0049278152 0.87 0.00000 0.00000 0.00000 0.00000
4 204 4 30 1.04995 0.09683 84.13 0.9800 54.00 0.0047407407 0.95 0.00000 0.00000 0.00000 0.00000
4 204 5 30 1.05208 0.09683 84.13 0.9668 49.34 0.0051884880 1.84 0.00000 0.00000 0.00000 0.00000
4 204 6 30 1.05208 0.09683 84.13 0.9786 45.99 0.0055664275 1.39 0.00000 0.00000 0.00000 0.00000
4 204 7 30 1.05166 0.09683 84.13 0.9879 51.37 0.0049834534 1.67 0.00000 0.00000 0.00000 0.00000
4 204 8 30 1.04906 0.09683 84.13 0.9636 56.91 0.0044983307 1.65 0.00000 0.00000 0.00000 0.00000
4 204 9 30 1.05014 0.09683 84.13 0.9589 53.28 0.0048048048 0.83 0.00000 0.00000 0.00000 0.00000
4 204 10 30 1.05146 0.09683 84.13 0.9799 57.96 0.0044168392 1.70 0.00000 0.00000 0.00000 0.00000
4 204 11 30 1.05137 0.09683 84.13 0.9599 43.96 0.0058234759 1.47 0.00000 0.00000 0.00000 0.00000
4 204 12 30 1.05060 0.09683 84.13 0.9738 48.73 0.0052534373 2.00 0.00000 0.00000 0.00000 0.00000
4 204 13 30 1.05104 0.09683 84.13 0.9685 51.30 0.0049902534 0.81 0.00000 0.00000 0.00000 0.00000
4 204 14 30 1.04950 0.09683 84.13 0.9517 56.49 0.0045317755 0.56 0.00000 0.00000 0.00000 0.00000
4 204 15 30 1.04983 0.09683 84.13 0.9568 57.63 0.0044421308 1.98 0.00000 0.00000 0.00000 0.00000
4 204 16 30 1.05208 0.09683 84.13 0.9759 49.98 0.0051220488 1.86 0.00000 0.00000 0.00000 0.00000
4 204 17 30 1.05208 0.09683 84.13 0.9649 49.65 0.0051560926 1.24 0.00000 0.00000 0.00000 0.00000
4 204 18 30 1.04941 0.09683 84.13 0.9564 47.84 0.0053511706 1.26 0.00000 0.00000 0.00000 0.00000
4 204 19 30 1.05050 0.09683 84.13 0.9525 52.72 0.0048558422 0.76 0.00000 0.00000 0.00000 0.00000
4 204 20 30 1.04801 0.09683 84.13 0.9666 55.51 0.0046117817 1.61 0.00000 0.00000 0.00000 0.00000
4 204 21 30 1.05206 0.09683 84.13 0.9640 50.07 0.0051128420 0.95 0.00000 0.00000 0.00000 0.00000
4 204 22 30 1.05062 0.09683 84.13 0.9727 43.98 0.0058208276 1.23 0.00000 0.00000 0.00000 0.00000
4 204 23 30 1.05041 0.09683 84.13 0.9548 45.13 0.0056725017 1.22 0.00000 0.00000 0.00000 0.00000
4 204 24 30 1.04778 0.09683 84.13 0.9548 53.18 0.0048138398 1.95 0.00000 0.00000 0.00000 0.00000
4 204 25 30 1.05083 0.09683 84.13 0.9644 45.22 0.0056612119 1.17 0.00000 0.00000 0.00000 0.00000
4 204 26 30 1.05000 0.09683 84.13 0.9773 49.20 0.0052032520 0.00 0.00000 0.00000 0.00000 0.00000
4 204 27 30 1.05083 0.09683 84.13 0.9815 44.41 0.0057644675 1.36 0.00000 0.00000 0.00000 0.00000
4 204 28 30 1.04831 0.09683 84.13 0.9520 54.89 0.0046638732 1.03 0.00000 0.00000 0.00000 0.00000
4 204 29 30 1.04910 0.09683 84.13 0.9502 55.16 0.0046410442 0.68 0.00000 0.00000 0.00000 0.00000
4 204 30 30 1.05000 0.09683 84.13 0.9805 48.00 0.0053333333 0.92 0.00000 0.00000 0.00000 0.00000
4 204 31 30 1.05175 0.09683 84.13 0.9432 45.27 0.0056549591 2.05 0.00000 0.00000 0.00000 0.00000
4 204 32 0 0.00000 0 0 0 0 0.0000000000 0 0.00000 0.00000 0.00000 0.00000
