0 0 0 0 0 0
0 0 0 0 0 0
0.0947387 0.135298 0.205526 0.30475 0.100821 0.350479
0.206672 0.293667 0.428536 0.635816 0.213067 0.7296
0.27932 0.396453 0.573277 0.850689 0.285918 0.975663
0.329127 0.466923 0.67251 0.998006 0.335864 1.14436
0.364754 0.51733 0.743492 1.10338 0.371591 1.26503
0.391114 0.554625 0.796009 1.18134 0.398024 1.35431
0.411163 0.582991 0.835954 1.24064 0.418129 1.42222
0.426765 0.605066 0.86704 1.28679 0.433775 1.47507
0.439145 0.622583 0.891705 1.32341 0.44619 1.517
0.449133 0.636714 0.911604 1.35295 0.456206 1.55083
